330 769 330
669 15 669
273 50 273
642 94 642
220 198 220
213 918 213
711 938 711
803 917 803
81 141 81
520 271 520
358 978 358
475 183 475
806 793 806
942 863 942
473 860 473
94 310 94
889 429 889
943 98 943
971 64 971
352 672 352
460 825 460
694 569 694
878 393 878
540 66 540
411 554 411
769 762 769
894 539 894
197 94 197
557 562 557
518 18 518
534 621 534
371 629 371
682 798 682
660 663 660
55 620 55
455 51 455
304 498 304
44 979 44
494 7 494
362 509 362
773 897 773
965 546 965
274 888 274
102 285 102
774 380 774
530 958 530
737 595 737
327 397 327
138 108 138
426 327 426
328 590 328
507 711 507
820 199 820
382 415 382
693 382 693
682 587 682
574 88 574
62 463 62
199 572 199
750 228 750
883 169 883
263 705 263
609 260 609
820 997 820
635 560 635
58 976 58
389 782 389
780 326 780
889 507 889
827 174 827
32 987 32
446 443 446
410 422 410
291 919 291
110 470 110
37 90 37
174 173 174
946 906 946
788 737 788
508 34 508
431 403 431
731 715 731
396 162 396
525 688 525
286 325 286
540 222 540
87 382 87
744 62 744
291 432 291
583 397 583
96 963 96
444 792 444
518 298 518
825 858 825
681 383 681
287 856 287
310 506 310
382 440 382
257 306 257
489 466 489
199 62 199
705 159 705
505 578 505
542 552 542
432 26 432
108 158 108
58 532 58
679 645 679
164 105 164
600 608 600
232 241 232
381 697 381
722 543 722
858 140 858
200 311 200
67 621 67
545 506 545
746 37 746
69 423 69
875 144 875
275 118 275
623 368 623
59 105 59
803 837 803
636 840 636
508 529 508
681 790 681
875 277 875
954 931 954
254 316 254
546 69 546
460 429 460
456 269 456
155 176 155
959 794 959
603 727 603
528 803 528
275 411 275
39 256 39
399 409 399
613 81 613
319 984 319
699 680 699
160 513 160
878 872 878
218 240 218
402 488 402
24 30 24
634 801 634
385 406 385
860 467 860
206 244 206
336 310 336
159 336 159
533 82 533
844 439 844
152 413 152
893 361 893
428 310 428
574 700 574
206 114 206
293 147 293
968 542 968
473 475 473
125 591 125
264 839 264
334 107 334
683 681 683
926 210 926
854 960 854
918 84 918
836 718 836
421 622 421
680 215 680
198 721 198
73 789 73
82 779 82
674 812 674
922 196 922
344 499 344
625 617 625
328 713 328
194 149 194
870 478 870
563 962 563
745 484 745
159 618 159
304 542 304
976 914 976
616 744 616
369 754 369
562 799 562
937 976 937
474 528 474
415 169 415
582 365 582
473 572 473
604 327 604
743 107 743
997 565 997
271 123 271
615 592 615
834 359 834
755 475 755
43 159 43
970 837 970
209 97 209
624 382 624
110 470 110
584 959 584
157 939 157
179 735 179
304 195 304
948 915 948
81 127 81
221 487 221
268 843 268
822 950 822
958 996 958
335 499 335
987 101 987
542 404 542
692 752 692
621 398 621
790 802 790
393 466 393
799 468 799
432 681 432
234 332 234
441 616 441
254 346 254
394 897 394
253 923 253
55 768 55
7 211 7
112 847 112
406 380 406
698 534 698
979 928 979
982 476 982
783 131 783
16 995 16
43 540 43
639 727 639
293 422 293
373 466 373
275 987 275
420 252 420
223 545 223
130 264 130
683 440 683
592 257 592
571 988 571
617 45 617
971 979 971
91 311 91
727 323 727
70 752 70
917 959 917
177 828 177
824 857 824
246 311 246
17 963 17
185 728 185
582 30 582
713 123 713
442 931 442
651 137 651
642 687 642
656 51 656
213 509 213
716 978 716
108 12 108
364 809 364
994 433 994
776 751 776
349 204 349
725 731 725
899 773 899
354 571 354
886 286 886
331 498 331
890 201 890
636 14 636
82 127 82
195 469 195
552 192 552
970 918 970
524 620 524
369 575 369
712 941 712
653 70 653
739 288 739
694 725 694
500 727 500
431 635 431
386 385 386
481 318 481
911 958 911
98 929 98
585 490 585
596 275 596
601 893 601
211 267 211
189 351 189
759 465 759
758 252 758
954 743 954
492 413 492
897 782 897
897 811 897
229 136 229
184 122 184
320 925 320
606 886 606
225 487 225
219 341 219
231 711 231
917 19 917
536 137 536
871 268 871
68 546 68
591 159 591
171 115 171
646 663 646
316 310 316
893 898 893
9 238 9
770 960 770
59 930 59
459 484 459
828 346 828
983 216 983
6 609 6
97 200 97
294 768 294
58 791 58
794 777 794
224 557 224
231 772 231
70 914 70
826 373 826
357 890 357
66 537 66
437 681 437
569 692 569
201 98 201
296 651 296
585 552 585
828 854 828
386 488 386
906 833 906
451 336 451
759 921 759
165 121 165
94 696 94
190 385 190
479 883 479
244 275 244
160 330 160
723 268 723
443 382 443
322 253 322
37 668 37
551 390 551
837 854 837
735 218 735
113 631 113
780 556 780
141 27 141
333 68 333
572 454 572
785 886 785
156 479 156
813 143 813
878 986 878
395 387 395
2 873 2
70 234 70
693 951 693
36 954 36
561 232 561
46 380 46
135 814 135
705 6 705
903 693 903
367 320 367
682 671 682
795 955 795
343 341 343
683 630 683
506 580 506
750 448 750
33 579 33
160 654 160
75 467 75
684 729 684
737 970 737
336 814 336
179 242 179
691 984 691
553 884 553
278 976 278
548 629 548
512 475 512
824 188 824
647 410 647
995 670 995
82 559 82
944 618 944
471 923 471
511 667 511
573 659 573
424 47 424
384 747 384
937 188 937
718 165 718
349 795 349
824 331 824
860 408 860
773 780 773
432 420 432
319 544 319
666 670 666
837 462 837
730 700 730
601 559 601
464 579 464
1 688 1
790 202 790
961 578 961
221 34 221
721 675 721
690 461 690
183 708 183
769 883 769
273 637 273
681 422 681
248 42 248
528 856 528
550 566 550
532 604 532
521 370 521
963 757 963
416 956 416
387 257 387
529 770 529
558 253 558
256 301 256
321 591 321
673 31 673
221 262 221
736 406 736
981 423 981
315 7 315
199 174 199
153 787 153
994 958 994
248 628 248
181 569 181
745 614 745
596 508 596
402 298 402
544 584 544
191 952 191
163 136 163
877 497 877
854 873 854
365 969 365
588 12 588
95 979 95
698 302 698
353 236 353
341 661 341
943 484 943
765 321 765
258 179 258
708 193 708
335 661 335
799 726 799
428 388 428
41 324 41
463 854 463
722 695 722
559 991 559
474 346 474
785 35 785
475 471 475
464 287 464
221 314 221
39 95 39
439 334 439
267 703 267
114 301 114
164 246 164
286 810 286
277 28 277
690 674 690
570 590 570
422 501 422
19 410 19
283 281 283
113 554 113
262 88 262
820 580 820
430 26 430
491 552 491
697 897 697
753 46 753
318 49 318
221 581 221
706 722 706
833 865 833
941 360 941
787 368 787
182 764 182
914 495 914
386 804 386
109 457 109
282 160 282
717 629 717
270 188 270
853 704 853
541 540 541
867 869 867
164 507 164
435 334 435
60 501 60
744 800 744
28 833 28
510 639 510
638 754 638
843 483 843
753 934 753
475 672 475
370 351 370
375 288 375
721 998 721
540 430 540
785 157 785
920 407 920
822 368 822
11 854 11
777 359 777
945 968 945
101 119 101
890 11 890
424 528 424
516 370 516
701 470 701
568 226 568
576 639 576
781 446 781
702 971 702
347 242 347
464 481 464
932 933 932
866 636 866
531 284 531
458 772 458
269 502 269
929 126 929
180 299 180
477 922 477
379 450 379
680 692 680
781 746 781
417 916 417
915 142 915
144 205 144
891 800 891
185 179 185
850 494 850
93 666 93
223 221 223
380 385 380
98 396 98
368 48 368
