143 547 143
866 881 866
277 592 277
487 619 487
141 824 141
627 4 627
237 552 237
747 832 747
206 874 206
725 958 725
18 77 18
702 756 702
142 275 142
821 830 821
479 522 479
756 189 756
667 485 667
806 455 806
576 429 576
960 948 960
315 604 315
632 619 632
468 598 468
362 713 362
114 96 114
553 436 553
603 441 603
9 221 9
626 705 626
36 608 36
37 136 37
640 54 640
499 170 499
535 530 535
285 288 285
9 760 9
783 765 783
430 943 430
709 695 709
340 367 340
262 958 262
468 209 468
237 677 237
529 724 529
139 309 139
645 618 645
476 546 476
215 343 215
91 224 91
975 975 975
799 906 799
619 617 619
760 711 760
150 782 150
689 784 689
241 302 241
104 738 104
491 434 491
443 657 443
175 269 175
546 693 546
529 570 529
285 533 285
40 301 40
439 381 439
963 742 963
770 463 770
794 180 794
842 61 842
607 875 607
343 826 343
291 800 291
373 803 373
607 894 607
816 836 816
835 954 835
398 737 398
616 904 616
769 867 769
380 935 380
181 346 181
137 563 137
368 683 368
910 524 910
392 144 392
460 832 460
744 819 744
74 813 74
422 630 422
745 19 745
108 719 108
636 636 636
300 312 300
569 591 569
610 279 610
959 851 959
541 119 541
885 29 885
773 741 773
332 632 332
846 282 846
525 800 525
616 839 616
781 22 781
626 616 626
232 311 232
1 977 1
899 523 899
574 37 574
879 843 879
960 995 960
567 450 567
686 20 686
161 979 161
322 623 322
387 620 387
75 531 75
491 29 491
886 629 886
647 696 647
598 636 598
130 712 130
767 933 767
235 726 235
730 561 730
234 108 234
35 251 35
416 338 416
650 667 650
778 141 778
473 15 473
188 950 188
161 718 161
367 418 367
696 279 696
853 747 853
763 149 763
676 317 676
729 831 729
59 445 59
204 868 204
264 704 264
762 250 762
351 739 351
218 990 218
201 250 201
876 950 876
850 451 850
310 179 310
32 531 32
486 535 486
649 499 649
149 175 149
806 465 806
472 124 472
811 612 811
51 573 51
819 499 819
6 38 6
256 907 256
325 51 325
59 756 59
194 480 194
55 339 55
127 514 127
580 487 580
459 20 459
691 336 691
828 319 828
633 494 633
705 564 705
1 308 1
998 772 998
687 95 687
174 839 174
331 134 331
862 362 862
604 731 604
781 892 781
988 92 988
167 1 167
323 619 323
247 65 247
866 679 866
787 798 787
691 123 691
535 176 535
184 209 184
537 606 537
640 187 640
525 697 525
589 497 589
502 941 502
694 184 694
889 822 889
167 56 167
812 890 812
946 142 946
663 446 663
47 155 47
163 393 163
683 362 683
205 355 205
298 706 298
527 473 527
660 930 660
879 157 879
897 134 897
168 583 168
747 699 747
639 485 639
953 587 953
422 348 422
471 453 471
124 105 124
399 676 399
625 858 625
168 708 168
563 154 563
823 810 823
959 899 959
102 980 102
990 93 990
459 261 459
241 218 241
131 378 131
748 502 748
376 88 376
717 525 717
834 144 834
274 714 274
407 553 407
840 195 840
703 759 703
479 603 479
698 631 698
133 816 133
987 823 987
39 73 39
810 534 810
104 32 104
933 987 933
919 399 919
419 118 419
434 557 434
15 574 15
365 644 365
410 417 410
23 580 23
745 377 745
331 826 331
264 255 264
749 552 749
818 113 818
243 241 243
361 107 361
849 702 849
11 425 11
133 49 133
170 734 170
556 689 556
687 93 687
545 252 545
493 365 493
780 254 780
968 270 968
95 212 95
645 829 645
215 122 215
515 799 515
161 157 161
269 343 269
620 12 620
286 714 286
366 796 366
687 495 687
919 799 919
191 676 191
379 641 379
557 740 557
393 870 393
847 471 847
503 863 503
178 387 178
201 164 201
748 512 748
542 204 542
519 701 519
848 431 848
105 957 105
381 305 381
963 331 963
122 418 122
472 415 472
157 814 157
329 374 329
559 361 559
237 966 237
652 502 652
666 41 666
156 316 156
948 433 948
413 401 413
110 61 110
353 880 353
754 99 754
890 817 890
102 396 102
399 465 399
424 404 424
260 287 260
185 63 185
400 383 400
194 790 194
733 116 733
536 538 536
456 424 456
241 740 241
164 138 164
432 614 432
280 259 280
699 810 699
125 719 125
845 289 845
225 755 225
523 933 523
873 15 873
837 404 837
764 747 764
597 799 597
961 83 961
423 541 423
7 208 7
121 36 121
705 688 705
66 417 66
505 291 505
468 796 468
510 606 510
976 37 976
661 136 661
894 416 894
646 491 646
42 60 42
751 718 751
288 206 288
492 132 492
54 219 54
598 653 598
631 642 631
346 7 346
186 404 186
555 544 555
819 343 819
424 481 424
972 904 972
281 127 281
768 654 768
51 613 51
168 471 168
576 912 576
288 610 288
257 458 257
137 220 137
466 729 466
36 726 36
246 136 246
355 902 355
826 205 826
34 23 34
287 300 287
248 118 248
377 723 377
128 85 128
839 783 839
133 750 133
460 896 460
14 364 14
878 846 878
990 866 990
5 654 5
701 764 701
813 698 813
867 649 867
58 305 58
97 126 97
932 820 932
84 604 84
654 426 654
581 619 581
32 609 32
856 562 856
379 520 379
786 669 786
985 903 985
158 382 158
417 105 417
15 391 15
1 807 1
181 94 181
402 43 402
581 393 581
389 587 389
208 414 208
431 367 431
774 22 774
803 972 803
577 439 577
317 823 317
14 866 14
722 756 722
500 283 500
686 706 686
169 349 169
546 870 546
15 760 15
556 590 556
923 690 923
442 686 442
64 464 64
434 563 434
663 887 663
526 647 526
408 459 408
708 652 708
744 816 744
612 953 612
123 82 123
641 698 641
364 70 364
657 708 657
143 126 143
949 191 949
580 73 580
857 800 857
778 693 778
246 309 246
408 465 408
586 398 586
312 312 312
605 815 605
129 132 129
815 853 815
295 228 295
133 63 133
632 383 632
606 305 606
531 477 531
335 523 335
721 730 721
120 183 120
54 458 54
260 359 260
6 320 6
375 637 375
687 546 687
402 565 402
614 816 614
890 194 890
34 371 34
123 662 123
974 921 974
372 41 372
683 1 683
453 84 453
168 119 168
830 242 830
570 120 570
529 332 529
669 52 669
199 486 199
471 466 471
860 113 860
805 506 805
352 756 352
494 208 494
706 452 706
2 151 2
951 787 951
964 780 964
39 901 39
454 453 454
595 948 595
961 529 961
623 194 623
327 2 327
264 537 264
903 115 903
880 868 880
623 325 623
655 296 655
473 375 473
736 606 736
168 584 168
422 546 422
323 240 323
8 649 8
187 184 187
430 422 430
666 375 666
981 83 981
408 648 408
936 772 936
318 526 318
179 62 179
161 127 161
243 680 243
162 838 162
936 681 936
251 39 251
837 821 837
969 912 969
546 507 546
217 53 217
659 163 659
539 827 539
384 546 384
91 506 91
669 298 669
153 254 153
759 785 759
663 271 663
744 881 744
689 301 689
8 146 8
575 233 575
824 951 824
829 866 829
132 983 132
599 129 599
746 209 746
644 474 644
536 634 536
71 42 71
304 143 304
119 955 119
576 316 576
407 634 407
316 68 316
134 509 134
564 341 564
325 206 325
373 752 373
472 708 472
22 237 22
504 646 504
301 657 301
669 654 669
299 837 299
447 234 447
370 592 370
228 477 228
215 698 215
444 550 444
896 861 896
211 192 211
960 482 960
735 513 735
66 735 66
131 273 131
151 4 151
850 759 850
359 68 359
183 50 183
848 835 848
535 779 535
89 218 89
375 962 375
469 460 469
840 465 840
322 522 322
806 393 806
756 783 756
949 954 949
4 280 4
589 238 589
280 371 280
692 263 692
