338 83 338
147 210 147
707 770 707
372 295 372
515 745 515
601 447 601
987 388 987
525 631 525
445 465 445
814 554 814
257 270 257
940 160 940
646 804 646
785 902 785
351 361 351
407 468 407
756 730 756
253 365 253
223 273 223
59 577 59
719 183 719
334 317 334
660 717 660
346 380 346
320 250 320
333 382 333
334 844 334
218 804 218
486 630 486
468 83 468
65 90 65
956 959 956
810 968 810
332 314 332
488 52 488
962 489 962
772 695 772
774 838 774
614 120 614
689 389 689
558 245 558
584 668 584
762 906 762
912 885 912
245 594 245
965 120 965
131 108 131
318 390 318
31 919 31
177 918 177
775 967 775
647 867 647
721 824 721
648 242 648
590 482 590
172 252 172
549 796 549
815 569 815
782 85 782
835 710 835
296 18 296
529 4 529
971 112 971
472 129 472
375 417 375
267 424 267
514 335 514
372 590 372
181 464 181
982 544 982
757 257 757
397 421 397
487 881 487
160 62 160
582 596 582
374 354 374
499 964 499
634 619 634
76 88 76
201 339 201
475 585 475
781 272 781
360 376 360
371 149 371
523 406 523
465 416 465
183 701 183
913 849 913
314 809 314
289 727 289
329 598 329
731 422 731
532 736 532
35 584 35
740 210 740
160 171 160
845 319 845
798 595 798
846 776 846
423 613 423
712 809 712
270 117 270
837 770 837
512 475 512
837 336 837
242 449 242
714 123 714
57 54 57
492 491 492
508 222 508
281 436 281
5 966 5
965 453 965
923 953 923
875 398 875
825 740 825
373 501 373
253 748 253
861 856 861
657 580 657
374 279 374
493 621 493
829 731 829
992 881 992
731 977 731
186 917 186
565 152 565
653 990 653
896 706 896
816 732 816
315 96 315
729 288 729
570 339 570
686 568 686
536 885 536
868 994 868
559 739 559
183 161 183
221 216 221
306 550 306
474 944 474
83 614 83
556 507 556
295 413 295
499 503 499
415 504 415
126 649 126
758 347 758
546 411 546
933 554 933
834 849 834
526 714 526
612 656 612
701 530 701
421 909 421
576 587 576
837 855 837
910 657 910
343 431 343
221 515 221
720 67 720
527 986 527
545 72 545
592 889 592
742 585 742
390 781 390
819 211 819
273 630 273
708 723 708
856 866 856
539 791 539
500 466 500
433 174 433
509 623 509
645 390 645
155 431 155
411 70 411
224 446 224
619 876 619
873 795 873
604 399 604
111 530 111
935 64 935
127 587 127
743 769 743
317 93 317
681 877 681
131 654 131
771 568 771
660 843 660
773 360 773
610 655 610
449 158 449
822 272 822
638 65 638
110 914 110
578 386 578
496 72 496
228 345 228
968 631 968
875 111 875
659 9 659
172 550 172
916 807 916
479 874 479
509 35 509
487 503 487
293 451 293
85 139 85
795 339 795
464 409 464
581 605 581
707 347 707
675 406 675
115 127 115
397 412 397
323 145 323
254 944 254
909 918 909
339 270 339
591 442 591
655 398 655
750 149 750
232 626 232
352 317 352
941 885 941
407 386 407
408 198 408
59 675 59
433 274 433
782 856 782
298 867 298
382 262 382
227 225 227
978 957 978
60 307 60
14 425 14
98 691 98
468 531 468
569 397 569
732 619 732
484 739 484
914 915 914
73 865 73
155 603 155
748 807 748
608 648 608
696 874 696
531 675 531
142 397 142
279 275 279
590 173 590
434 492 434
776 882 776
608 241 608
5 501 5
317 256 317
246 785 246
695 902 695
158 135 158
960 960 960
756 487 756
566 283 566
462 885 462
100 654 100
803 839 803
682 678 682
978 286 978
144 934 144
774 273 774
309 458 309
819 303 819
190 634 190
660 656 660
341 77 341
758 651 758
228 584 228
535 524 535
689 812 689
897 161 897
428 218 428
858 689 858
514 428 514
974 936 974
727 779 727
641 510 641
251 382 251
3 399 3
641 539 641
464 429 464
199 738 199
365 508 365
350 768 350
793 739 793
168 354 168
212 403 212
505 161 505
767 640 767
823 677 823
506 933 506
335 149 335
224 241 224
676 673 676
482 541 482
308 70 308
388 862 388
804 784 804
872 730 872
527 813 527
430 14 430
306 386 306
582 678 582
209 238 209
415 501 415
277 194 277
981 584 981
57 941 57
588 334 588
629 756 629
401 14 401
515 326 515
461 400 461
751 919 751
459 376 459
84 89 84
822 784 822
461 548 461
398 29 398
472 784 472
111 729 111
116 914 116
132 246 132
921 905 921
306 749 306
89 878 89
338 272 338
668 679 668
355 171 355
840 708 840
517 433 517
83 702 83
84 248 84
374 246 374
704 374 704
653 160 653
878 611 878
645 329 645
975 923 975
302 474 302
279 746 279
181 569 181
681 191 681
808 155 808
238 761 238
159 361 159
995 722 995
334 129 334
937 35 937
788 804 788
608 651 608
943 361 943
20 556 20
214 861 214
420 104 420
897 999 897
295 495 295
510 617 510
499 488 499
901 657 901
480 194 480
700 671 700
771 797 771
504 105 504
932 989 932
544 541 544
886 335 886
591 627 591
569 215 569
940 82 940
473 824 473
531 266 531
427 365 427
6 297 6
633 286 633
338 310 338
825 794 825
400 264 400
566 816 566
114 118 114
267 107 267
870 210 870
406 359 406
920 312 920
319 90 319
236 946 236
437 289 437
794 122 794
713 17 713
118 759 118
834 838 834
618 561 618
30 836 30
690 803 690
107 729 107
954 959 954
668 870 668
256 21 256
453 224 453
498 662 498
432 652 432
189 17 189
545 758 545
490 560 490
895 411 895
148 831 148
433 806 433
510 486 510
530 746 530
775 152 775
383 170 383
699 352 699
188 956 188
586 115 586
33 697 33
428 632 428
195 769 195
910 779 910
344 76 344
56 50 56
767 137 767
851 875 851
356 403 356
330 460 330
824 802 824
521 482 521
869 909 869
599 675 599
126 52 126
312 313 312
738 132 738
186 698 186
775 549 775
470 515 470
50 169 50
309 11 309
29 994 29
963 756 963
675 918 675
24 651 24
32 179 32
501 207 501
775 669 775
139 663 139
215 358 215
320 423 320
754 1 754
251 919 251
47 288 47
694 414 694
442 939 442
467 119 467
215 240 215
733 357 733
690 893 690
649 727 649
46 441 46
354 226 354
402 432 402
624 586 624
314 628 314
69 705 69
333 64 333
905 797 905
493 196 493
365 282 365
729 986 729
386 276 386
212 320 212
831 792 831
157 172 157
263 506 263
826 443 826
751 454 751
130 425 130
222 196 222
247 277 247
751 887 751
748 698 748
227 878 227
475 553 475
236 235 236
902 792 902
95 595 95
52 495 52
554 460 554
354 90 354
570 50 570
665 483 665
500 543 500
163 696 163
945 941 945
825 635 825
500 314 500
699 817 699
253 531 253
485 435 485
544 310 544
526 305 526
24 637 24
171 855 171
145 444 145
583 586 583
97 481 97
265 607 265
444 783 444
52 612 52
17 260 17
394 198 394
193 349 193
637 807 637
737 65 737
647 528 647
589 761 589
287 187 287
698 802 698
450 466 450
78 34 78
569 382 569
333 126 333
39 307 39
821 561 821
361 366 361
331 611 331
115 83 115
169 211 169
111 696 111
836 239 836
82 292 82
693 984 693
643 441 643
452 441 452
925 876 925
546 143 546
964 889 964
152 115 152
412 719 412
712 782 712
645 194 645
998 976 998
175 929 175
322 281 322
623 637 623
994 25 994
299 387 299
716 596 716
949 47 949
32 893 32
629 470 629
867 865 867
262 255 262
917 883 917
21 729 21
855 975 855
827 841 827
486 743 486
83 352 83
538 209 538
393 644 393
386 454 386
866 967 866
207 907 207
804 137 804
123 627 123
602 516 602
389 388 389
345 382 345
652 290 652
564 586 564
